0	79757.79221688701	7	3.045109812568774
1	654501.642283744	6	22.40358388239505
2	288752.976032038	1	20.21908675245625
3	352492.4714385148	4	40.87974673289395
4	950216.1902157816	7	29.492428013038964
5	695196.4857313365	7	43.541548040136846
6	393607.00327278656	9	53.10205312932143
7	878597.6710165392	7	76.87051216249819
8	426968.832188238	0	85.2484598441891
9	194342.11821119292	8	83.09343692617864
10	685944.7224322906	8	98.27467360300058
11	855205.9210670907	8	111.70526705519397
12	164506.48547890826	4	131.1835632944493
13	655373.2247249	0	115.06636899996211
14	578293.162924365	2	118.47618084697746
15	287620.43540207687	4	161.6986532001548
16	78038.82331164757	3	161.51680188638417
17	228893.56934340487	6	180.14961079190456
18	776071.8525215255	7	201.6342636706952
19	601614.0649456404	8	187.63129505132284
20	828319.7733891256	3	214.45440364932884
21	133325.09409967423	1	207.164433020213
22	809930.8736789897	9	206.92684518165464
23	532128.1660070312	6	232.30311026494815
24	829981.64247962	3	241.49405202321768
25	472207.3741113255	8	256.59925294257715
26	701135.8336979593	4	274.2643362803508
27	93261.95261108463	3	272.05157529169816
28	1272.2599491997107	7	271.3036466368586
29	762316.712360804	4	288.9107104689718
30	998521.0118532788	3	288.0918682627567
31	386917.01083829877	9	320.4335835002841
32	363182.260699327	1	324.0610840044266
33	447614.98492660135	4	324.10485951485504
34	276882.1812901086	3	344.85111928728884
35	939417.5037567681	1	347.39449721705233
36	179009.60071178776	1	338.82183915248345
37	276793.44452915294	2	375.748229234061
38	580526.433427694	9	385.18989470728894
39	583796.3789733778	3	380.51462094939217
40	523711.39723556594	3	404.10053244041677
41	344441.7168386153	1	403.6154475414312
42	893730.6048368592	4	431.0980888526839
43	665214.9020242732	3	415.63755521611705
44	686067.7804275324	9	434.21750998860296
45	362361.8241777685	1	440.1448281685415
46	646756.4560829521	4	444.1583031891799
47	739162.1278456429	2	464.5518855490082
48	913359.6338223172	9	489.0799478718466
49	129857.78852285193	0	476.0827992283518
50	724309.5782528219	3	497.9081289081866
51	172490.34786402946	3	522.856993762604
52	524695.4697038913	3	519.3034756784825
53	469918.9995894779	0	526.3359678390385
54	484317.4815675809	1	540.2941096066271
55	299428.2847267902	1	551.9916543448371
56	810802.1833654615	5	546.5790141413052
57	871534.319704878	6	574.4139076559907
58	424137.21897863154	0	573.955280525152
59	225080.9101657962	2	575.8643527991271
60	468383.1403103056	9	613.8894828778227
61	856515.1700595702	3	607.7334341176995
62	862301.0189133211	2	624.5419008706116
63	137076.54989604486	7	621.3667224555228
64	451832.2619137601	2	656.1264286846065
65	355501.8931117893	9	644.2636788761139
66	668107.1113550034	8	673.871343573895
67	157834.7704642306	4	659.1367044610876
68	120110.80977320833	4	683.743493898313
69	805539.5848542784	8	694.5416745720927
70	260943.6616498252	0	708.4456323107943
71	827411.0768691347	1	713.8429042802906
72	229001.3445064836	5	722.2405440128274
73	329872.0555589155	9	716.6947402854263
74	2738.545715724654	2	743.3384228283097
75	244440.16842924897	7	734.2597346928181
76	212479.6247333917	3	768.473571187404
77	791829.2587829665	7	777.0574213938621
78	623160.2830859186	2	783.0759662579413
79	519765.89174328087	0	800.0986801855015
80	342267.6019701284	2	810.0540998791156
81	709289.883382686	6	803.0971392115166
82	896888.5088548914	2	811.5805063867284
83	115412.61954465552	9	835.1087792584487
84	441666.4932210502	0	840.697052870328
85	747993.9455401228	1	849.206600014808
86	959674.7578693572	2	870.1738733901873
87	852232.9495498231	6	871.1223595410985
88	737016.055575917	0	870.4757091440699
89	193832.99394010738	1	890.873317049531
90	147907.02073310217	4	894.6649598450217
91	39097.924309270755	4	923.5523364191356
92	824373.5647984335	1	908.3618397494306
93	110529.2805430261	5	926.8507685130187
94	230828.00407238415	9	936.0132295292476
95	259547.0271248472	4	953.4588615537955
96	143339.2724452431	2	975.2334150486305
97	535830.819459359	3	970.8957607957366
98	963433.9455548415	9	979.6694731302022
99	17876.732097317825	6	984.4881838266273
100	788229.8475219613	8	1004.8583079788244
101	937027.8066128828	5	1011.7287513425715
102	435785.8942263063	2	1021.5854232149331
103	19120.177757003115	5	1027.906257765934
104	503915.98408149875	8	1049.8998386156186
105	482285.62002731225	4	1056.4363948826465
106	10191.922618590124	1	1058.7778451011957
107	188120.3017991443	7	1059.7335879915843
108	493839.32973616855	8	1073.1007478214017
109	925739.6621001768	8	1096.2579834655667
110	389628.8967609548	8	1105.5424851150456
111	380446.3608781033	6	1124.8272864351386
112	916346.0417173858	5	1105.5528818600924
113	625477.243851766	3	1133.211865885694
114	297298.69321823824	3	1141.5575342771867
115	645880.0816485718	9	1145.9180544779267
116	198235.85598367205	4	1156.5224817981866
117	820099.2293471545	1	1182.4972970186889
118	218754.0231041736	9	1169.6998696091614
119	332260.6677353939	8	1199.9181153175125
120	768005.0882741918	6	1201.8198864515725
121	917065.7971527919	4	1202.5554774107945
122	12244.610761467478	6	1218.4554304192359
123	312310.00893686694	4	1229.9161600656698
124	70236.97529972177	8	1231.7245585190246
125	960573.4531379916	2	1255.4864272430943
126	393517.0187710538	3	1254.7825472299874
127	379633.17132694006	4	1277.0312799453657
128	574351.9409730027	9	1305.752919289658
129	445837.1027556203	9	1307.7783162639366
130	140212.94657054922	9	1297.7132468363736
131	523265.21002558694	6	1291.9177834232892
132	841611.5292795618	1	1340.0031760703591
133	383225.159371957	3	1331.4901282468331
134	771906.9404425884	1	1342.2600921196686
135	488201.92620071897	7	1349.9249483537733
136	818479.91557087	1	1369.6800560647937
137	767307.7903161417	0	1358.0257096844662
138	475631.1004446348	5	1380.534265388912
139	140371.5003328946	0	1385.9164340258828
140	605632.2869658935	2	1394.0548186767212
141	677295.8715971687	1	1414.9129598821576
142	155336.565864334	9	1428.081082129283
143	524014.19730428373	5	1407.4735514190356
144	544956.3065383395	0	1431.1831458476643
145	105031.18701749071	1	1446.2581424229518
146	860182.1687255062	6	1469.3662408864855
147	954075.6045850925	7	1454.0380657931369
148	209648.03649698512	3	1481.4945703755413
149	602074.8665346409	8	1493.0414147688339
150	504474.7577874104	1	1485.8199533264915
151	501443.0577007419	5	1512.4948670547
152	725906.8282801927	7	1524.8240668394633
153	802391.7986458392	0	1536.836260667545
154	868987.6272172597	5	1530.750653583853
155	996327.9133792443	5	1562.943619475081
156	968386.9789210729	4	1557.0308075889754
157	796830.3603067005	7	1567.4409859153138
158	301891.57127906807	1	1590.94411808027
159	845392.385341107	4	1589.59523473388
160	695201.4835274913	4	1596.1916216200639
161	563238.9379812332	2	1614.8171303004272
162	744540.2325082761	8	1615.6792401626403
163	799548.7809467837	1	1629.4706253835475
164	430020.84020344535	0	1636.3982651312897
165	613670.9129948865	9	1658.3028649113392
166	647690.5859858755	1	1659.4214854350334
167	649695.2202665478	5	1678.6731551524686
168	6707.619015911933	9	1683.2319931545542
169	255021.4913595225	2	1697.4591950737856
170	249683.38630041978	1	1703.9685139670783
171	821606.3856792813	1	1712.3450393175806
172	758162.7485326647	8	1733.5752807298352
173	799215.363765283	6	1729.506773010674
174	423999.13433125545	5	1757.1318666209843
175	737933.0168687501	4	1741.562496446104
176	875599.3775693803	8	1778.481318046266
177	718658.4566823603	5	1778.2667932854245
178	696174.7621515454	9	1783.122463447218
179	299966.80331717327	8	1784.019890622252
180	899096.6533075123	9	1804.5034320902712
181	543541.3236497182	9	1825.8936412637895
182	213274.18635539696	1	1817.5500402133007
183	332465.150877873	6	1830.227371088576
184	657649.2774752612	3	1848.8858316567698
185	916192.3347455293	2	1852.0406777039416
186	848638.5729184209	0	1837.5817227054972
187	217236.93743283494	0	1861.657559896595
188	302328.2474401267	7	1881.8673516391025
189	917650.4243031446	7	1905.112152907674
190	145291.8411397495	2	1886.2517644918291
191	499953.16996660293	8	1900.7268815655725
192	333000.78242593294	5	1917.7095855588464
193	93540.53764542185	9	1928.6829896975257
194	860955.4823857647	2	1949.0392296675957
195	166604.83529727382	1	1956.3134311609244
196	171030.2764338127	5	1972.2715873774519
197	688329.4744047509	2	1973.7936472594865
198	992154.7907669235	8	1966.0926473473705
199	14874.97474371508	1	1999.6020231115274
200	545721.5893472089	9	2016.5615303126751
201	295445.0250892241	7	2007.4099513355231
202	353768.29787505965	9	2039.4670378288708
203	836369.7338373548	5	2033.0178411617696
204	142826.51101748535	7	2043.4790758421989
205	377705.80980754714	0	2054.160987082982
206	836300.2569707683	3	2051.4931923390086
207	874890.9376161093	4	2065.919583543038
208	512000.5891077059	7	2070.065059982794
209	258937.2631473959	3	2083.0517415167474
210	474231.81255836226	9	2104.652364458121
211	195772.5964089706	2	2115.889601674082
212	919473.8909314517	0	2114.9790615343936
213	346260.49049906037	1	2135.026809637211
214	815443.0228393172	6	2144.8813523499116
215	993254.6895397205	5	2156.548451182784
216	291873.9599272341	6	2155.502079937256
217	952432.7963437218	3	2171.045585543303
218	393031.8117868972	9	2179.3973756426913
219	637227.808200891	7	2189.4154732586294
220	404314.4653449959	2	2194.9020226466705
221	106487.73674131864	5	2213.1309510024876
222	407957.4812126508	1	2231.0150765774088
223	636810.6815000443	6	2239.3802323846908
224	311481.438104333	8	2227.987593863558
225	693252.419203217	7	2259.79877690231
226	254247.0411136545	1	2252.81347353301
227	51274.26473256234	0	2271.5425936227134
228	301373.5956618906	7	2288.1738835428478
229	909161.6716971268	4	2291.3767939999375
230	448188.3013447157	2	2301.5428628519207
231	676012.913434235	9	2305.9612451588305
232	434327.70577879326	4	2324.005339862762
233	201190.41566777966	9	2333.2313663796913
234	275780.8237692035	7	2335.6593328592776
235	726843.9259710012	9	2345.806648670671
236	622255.9018165919	7	2373.9359300930823
237	202671.37788880436	0	2364.1190359113803
238	562303.8657642392	0	2390.497816723757
239	813421.4919283543	5	2384.190472791842
240	464860.8282107583	6	2398.3363112592415
241	910902.6206993322	7	2412.0761925769407
242	2407.5442400383017	8	2407.5442400383017
243	368437.5600523969	1	2411.7625126990906
244	414869.73761254014	4	2448.8523505565545
245	899634.7744882627	4	2458.3799383896735
246	950838.1938039648	5	2464.078711935552
247	373125.3865647266	5	2468.5072822525904
248	334988.65708504914	6	2487.6067553190687
249	929519.7127981789	2	2509.6240680807127
250	604193.6234788526	7	2512.9501372836394
251	50605.41433589964	6	2509.6475812681138
252	493840.4142926309	1	2526.492819802317
253	131579.24343781613	1	2522.105157056781
254	831411.3684031274	7	2536.3089265816625
255	496246.6384364213	0	2552.653582796287
256	958299.3943492078	2	2552.281878063159
257	602086.4346943658	9	2563.4678495461817
258	344475.54053077736	7	2565.6177010373976
259	355065.9072208194	0	2598.786014026816
260	642310.161169577	6	2594.6791752732706
261	491788.2318550851	7	2603.6648635570314
262	739350.2741240034	0	2621.2892204803534
263	651992.5763091409	9	2640.0106052739297
264	991021.149176049	1	2642.538621427106
265	247646.97812380167	1	2652.813469908082
266	743671.9840512804	2	2654.975137438137
267	1000725.5676302934	2	2674.1708794901906
268	616721.196895395	0	2679.095395786317
269	718137.02810769	4	2686.421350492981
270	234348.65242932356	8	2689.752526629451
271	802593.3871050853	8	2720.8886474970304
272	820165.4311484849	7	2710.4571199020584
273	284194.95669230015	1	2730.151055613447
274	883429.566333611	6	2718.99108055957
275	352371.62574382714	6	2752.2607147731824
276	73576.33454358464	0	2758.8707441339784
277	795857.6451323197	1	2764.3413107817264
278	656048.8259877581	2	2781.5121275620095
279	431796.9668006669	3	2801.327787085969
280	873661.0463153108	2	2818.864646707137
281	544011.0017248116	5	2802.0973655836447
282	282637.58537788695	2	2801.444878512754
283	993912.0924612399	5	2828.1630059832705
284	801963.2705281475	8	2837.956701618576
285	549457.3436702421	9	2840.586659890478
286	895164.138298659	8	2847.2616393415697
287	774854.9741181387	0	2837.6389265060884
288	375986.27377971384	8	2892.988517478809
289	949139.9706814862	4	2890.3969720664622
290	973010.4812588983	8	2889.758610889163
291	356269.949657641	0	2928.077992030419
292	69913.33083590992	5	2918.6126272975857
293	42363.493314252475	7	2931.9552563843226
294	718072.100621263	4	2935.283139487631
295	34182.71475944082	7	2948.248689678104
296	533840.429099198	5	2969.4030757128585
297	33318.600214286125	7	2977.500682313264
298	106934.50646299496	8	2971.9520762851835
299	756864.3514709489	9	2996.878922005943
300	575874.9247319124	3	2995.057407565044
301	42110.105548804044	9	3014.263459111924
302	939656.0600307881	2	3018.675728273379
303	765847.989600325	0	3035.8954723081083
304	223912.59557633655	0	3054.076548711422
305	326282.7009830247	1	3057.0385873578484
306	828739.8102401139	4	3056.45506118846
307	819952.5365031917	2	3065.76575564473
308	687624.5957913755	5	3081.59753337614
309	961537.482048759	2	3079.7129200500085
310	469657.5634769599	0	3111.633960442412
311	505904.1295571683	1	3117.8014754487485
312	570589.8233339717	2	3119.288186193406
313	601692.7723393533	4	3135.0108412417803
314	324346.8282450797	0	3143.4588506819964
315	22104.423284739318	0	3156.079210590331
316	10163.12677157646	4	3169.6178655506683
317	994143.4273145556	0	3160.134116324165
318	166810.12316714568	4	3170.0699184892733
319	888905.5723789464	3	3172.61641817071
320	191820.52081143798	1	3202.0384333078346
321	29950.33502693783	3	3203.1483632953446
322	276224.6722004995	5	3221.9075302579918
323	658899.9438596207	7	3216.2858944594063
324	857179.640585823	7	3232.23529249535
325	454315.1809504888	9	3249.949134708178
326	261157.71987422244	7	3273.075374951403
327	83305.60900792829	4	3274.8290677815
328	417187.83830869314	5	3289.788473891777
329	276398.71559044224	3	3291.9889803126293
330	135088.35586736145	1	3286.8651770670817
331	949135.0912326903	7	3305.0978562672053
332	309904.15632367233	4	3329.033923873305
333	112216.54800479223	7	3335.8724249640263
334	564754.6324040839	1	3351.4609229782386
335	842717.7015680998	3	3347.9051541688723
336	766976.9093885161	8	3371.8553487253726
337	797845.646943228	5	3361.1657468818976
338	893474.2103145589	8	3379.905763960998
339	818777.7385884963	1	3384.525617188627
340	819473.1562373495	1	3375.2241514967805
341	382255.79941501794	9	3401.0120813853287
342	46150.73723731845	0	3417.054623517461
343	501706.5091210298	7	3423.6434417032106
344	15286.808058952825	1	3449.7455819712604
345	782474.41384507	2	3454.8495860210796
346	773329.4051722735	5	3459.3416523801657
347	933475.5358859035	8	3459.0428619826407
348	273985.36150928494	6	3477.7295576114643
349	545339.6762375863	5	3500.1008906507145
350	97619.92124362016	3	3512.0341396281315
351	256065.47633115432	2	3530.7602921015678
352	712530.2458054262	0	3530.2344854881085
353	323323.7049365654	7	3534.664507491858
354	391558.5017291604	4	3552.35453141275
355	768496.892820298	5	3551.7560246881785
356	648462.4574765232	4	3545.598283568623
357	197702.8591335983	4	3583.0304257405596
358	987802.8836416673	0	3567.6391908202654
359	869589.6715731577	0	3574.6005085686397
360	63684.21819546842	5	3605.4378369288856
361	583343.4105534558	5	3616.8571137131776
362	244561.47088401113	6	3627.3912156071137
363	589863.5106693783	0	3622.3394715091563
364	520376.7190660403	5	3632.8502285125046
365	571862.5545456191	8	3649.841256508631
366	917305.0616979285	1	3681.6176656902553
367	163253.73895409037	2	3684.447849778259
368	729444.0353056218	7	3665.831719643334
369	884783.8459917713	8	3691.464065782334
370	244725.2088835068	7	3697.829134704092
371	902468.3813138505	0	3705.648275014559
372	274362.6563254433	4	3708.2807172419566
373	194414.72593722274	2	3739.327240182605
374	491640.366149849	3	3744.181547993723
375	606805.8049463512	8	3746.0482920254094
376	747012.6001634389	4	3770.6564286323187
377	404097.9538719819	3	3785.858542820868
378	181230.1236944996	9	3789.3768054941816
379	430632.3686965314	7	3782.8370701690114
380	971359.0323089706	9	3782.949530749651
381	460475.0956647132	6	3803.9689471692627
382	312489.6923709217	1	3824.5256948070173
383	162329.63754667918	5	3833.0337525241416
384	6865.438471697888	3	3837.1801201673197
385	61872.045555564575	5	3852.1678967678067
386	731873.5405503921	2	3855.159681139167
387	66736.77445432	7	3882.8310571908146
388	270108.4204583744	9	3890.5614058412475
389	171392.98432457572	2	3895.5170146886876
390	316347.69819994643	7	3908.6383853359275
391	457160.7907361848	9	3908.4423347196844
392	202961.7714536663	6	3901.0334996585557
393	174116.2428621102	7	3936.938066813453
394	767523.7277152359	5	3928.8639722825
395	59576.857164257104	7	3944.1016791421343
396	495223.4285879312	8	3961.461958090134
397	969997.1397028911	3	3976.0402464490257
398	310912.76632147585	4	3978.556532281847
399	182193.8194576259	1	3989.3560022223405
400	297825.4560207154	4	3996.22566757899
401	935434.2057327353	3	4029.467058617669
402	692668.6379252813	9	4006.435024982787
403	487539.476947191	7	4022.5190120632137
404	608240.5455694358	2	4047.829926876631
405	768050.1529840986	7	4069.637110637514
406	576281.4660750241	6	4050.459206787568
407	591031.0409200945	3	4067.4695467139973
408	322443.5942525423	1	4075.2259203151384
409	970044.0549206242	0	4097.845018696461
410	158205.3483108334	4	4111.741287792401
411	965466.5701968883	4	4107.61003328631
412	51711.874321473355	4	4131.4666026006635
413	624572.2322134427	3	4143.087512577426
414	924880.5140866078	5	4136.799947422951
415	505531.6208215289	1	4146.273648607433
416	811886.9743676761	1	4181.024583657189
417	565576.864355075	5	4174.068211212094
418	667271.3398578735	8	4179.496390894057
419	825830.1857901796	9	4188.537172752563
420	788570.6175569895	0	4184.93427026183
421	580076.2485341307	8	4215.799865423734
422	833414.5303624398	6	4224.080310720965
423	129671.69695170279	4	4234.656713956873
424	323729.3170757267	4	4233.771336265234
425	168169.11875730773	1	4258.644082047314
426	338587.1648433137	3	4255.226862160112
427	26253.0592209137	9	4273.560937114383
428	425613.73599864	6	4265.470856498009
429	228427.00199968694	9	4281.162246375455
430	715759.1980255421	1	4269.597058814089
431	41480.32324468562	7	4299.902822460686
432	1002328.7975206961	3	4313.213967902195
433	896944.7528783522	2	4328.540325926462
434	598060.7019782483	8	4340.530650868794
435	766885.0882238451	2	4354.717677956675
436	500300.25392119196	3	4370.17127598109
437	891538.2391275744	7	4369.547843502504
438	376678.07765592716	9	4377.737643605745
439	740114.7041681589	3	4400.989834040283
440	404602.55665431096	7	4382.744909977122
441	584278.4805080937	6	4405.493366191777
442	93694.35824840372	9	4444.887103207675
443	119158.44427460807	1	4424.212704991554
444	677614.3538629278	3	4418.119260708287
445	634770.1891680204	3	4440.02856184435
446	399285.69483936066	3	4454.425878428279
447	147509.0776596908	6	4463.590521171435
448	368329.55921216105	0	4474.881603458104
449	395302.07051411737	2	4467.504575718663
450	178812.96820067626	9	4505.384680925823
451	925193.4678824921	7	4502.458560512209
452	179110.9200629528	7	4506.466885643058
453	808782.4602881918	2	4527.7013677459
454	590974.1117034126	6	4536.373963500858
455	68369.65081599027	6	4542.056720884031
456	451513.0369486182	5	4559.250833962899
457	101632.06456217992	2	4564.675435953496
458	54540.71903422789	3	4552.726150009608
459	691213.1173704048	7	4593.554922878821
460	461837.58182114316	7	4587.495151458359
461	263395.9935666973	8	4622.129916495286
462	148527.22337997184	7	4613.767185680157
463	875227.7027788383	9	4650.817562767711
464	522301.8363550064	3	4644.64144118315
465	65558.87002966736	6	4650.481978164273
466	236055.11272055976	6	4656.891025062804
467	32659.44687838715	8	4657.871545261578
468	687157.3710547691	2	4677.878432882021
469	38515.30116214374	7	4704.816621534174
470	201369.60385369428	3	4692.488975785295
471	48585.58097630519	3	4704.796788043108
472	372573.18602483365	7	4727.965937464738
473	439298.6441868726	3	4740.892802419707
474	29803.439860802093	0	4716.351394735823
475	704059.830599271	4	4738.227045129565
476	731330.4980852095	8	4740.774400388925
477	741215.07646686	1	4769.791505147976
478	407928.95828393253	9	4782.41445912642
479	48677.60803579552	8	4797.59339750037
480	283842.00379142544	5	4802.257087284484
481	789827.7092721576	2	4823.493293547049
482	670990.8354629088	9	4839.995079325466
483	627464.2807841765	4	4826.384536123241
484	225998.8248377827	2	4834.961687742329
485	891070.6618817347	6	4853.405726676919
486	170869.06021413847	4	4850.729246224874
487	416948.16298811894	7	4859.122863749346
488	117937.49930140396	3	4894.476253799773
489	985924.3597377005	4	4901.37042921926
490	541623.0454058034	6	4887.411438521631
491	725338.2837513447	4	4900.34732465845
492	408608.11055307504	2	4927.36942978237
493	725865.7567676803	7	4939.132455399637
494	417654.66841324413	1	4950.343005690125
495	232133.0571976083	6	4951.858504095797
496	940383.0616938851	8	4953.383504343211
497	811882.4252997912	9	4983.515531797982
498	678028.885582156	7	4981.380179603348
499	683589.7059212407	5	4977.418978859398
500	25738.525364275487	9	5009.0598391019
501	790921.4558695772	6	5004.091768460791
502	638787.4002352483	6	5031.325920844066
503	844520.8768455789	2	5021.647696072496
504	514983.16554360575	3	5065.284611180252
505	270049.853587718	8	5061.3833700773075
506	77474.15653884246	4	5069.819380281919
507	334171.297688908	5	5066.921268607278
508	655353.4530317757	8	5091.6654838893355
509	713208.232263831	9	5100.245032682346
510	212079.05075500763	7	5092.733864883414
511	439105.6247367775	6	5128.225983127585
512	54949.37406081602	6	5111.883604401795
513	523643.3657884076	2	5138.251603367059
514	331030.4314882242	3	5141.139502405377
515	309429.3327779218	8	5141.739303763369
516	599261.3580032641	3	5165.601309232108
517	782824.3592652637	6	5159.505743584753
518	129507.243570169	9	5176.644867994169
519	240518.31343088948	7	5202.264692291862
520	131538.29796965615	3	5199.133342757223
521	742047.9916947199	1	5186.910112341737
522	534747.0120543186	0	5223.644372913512
523	936252.0168759917	8	5230.841972743756
524	46014.67340490391	5	5226.728834466527
525	896101.5905978773	4	5247.836858060432
526	559939.789674112	6	5270.288552461408
527	610321.7624819415	0	5287.309870708424
528	39702.138145469915	6	5276.525011438522
529	37571.92050445841	2	5292.223095642831
530	331094.8310377429	1	5297.902350033672
531	188885.30995950842	2	5307.822452818465
532	947792.7952157317	0	5312.474558949982
533	229456.18224848172	9	5351.765206036678
534	182481.28853104275	5	5347.5082653875415
535	357184.83303813456	1	5361.480708244095
536	81804.94592324215	4	5368.737856212426
537	66145.23142992964	9	5391.324819668249
538	463468.9717446156	6	5378.491130568334
539	451225.21707384347	1	5378.030034355225
540	353302.4334464886	4	5420.835063287792
541	395558.1564119519	8	5413.689322724552
542	462789.6540521822	9	5424.357879093955
543	104154.86015015456	2	5432.612175300111
544	122694.88025512747	8	5426.8772662806105
545	421241.28706703556	1	5454.798468656093
546	220549.67194378038	9	5470.443154979072
547	419311.6380655071	5	5470.33486150836
548	619690.351281241	5	5476.509496981985
549	426410.74147584644	6	5486.875993974635
550	922795.2230428978	1	5501.0368907126
551	957975.6207292811	7	5522.451354896154
552	481183.5379972288	0	5517.12326379753
553	25366.389244917027	8	5522.854629801048
554	157420.11835680113	0	5531.955011231893
555	467021.1764494726	0	5552.430145163759
556	826252.6336533484	8	5548.636785622539
557	242681.12195223244	6	5580.022851763357
558	656817.907021496	6	5573.308058776246
559	389536.6698247186	1	5594.568589143862
560	325717.0981043838	7	5589.4375234221
561	200681.71301691775	4	5608.943108477301
562	375153.23531976505	1	5607.096725832697
563	713751.6228530849	2	5643.543442288324
564	793476.2697098489	9	5632.6731625873035
565	466791.26114787796	4	5628.457550883686
566	91199.59512251514	7	5651.517821004919
567	11712.342799501817	8	5659.245561859555
568	697704.911364592	9	5678.618312643567
569	422930.45197351516	7	5707.4946740747955
570	20865.51760869136	8	5695.704036493898
571	781103.6293580908	2	5708.250837469741
572	467041.51145788515	5	5708.281121118041
573	350216.02860727266	8	5723.236587492599
574	144982.8669296043	4	5736.150460845974
575	427679.3097627688	8	5766.838864685576
576	591437.1622012989	0	5764.10705668494
577	501046.5091218671	7	5751.329962839273
578	84719.27396718657	2	5789.615511329955
579	743723.2328294496	5	5803.660617448111
580	599145.7955992152	1	5790.7050139260655
581	284799.50865341915	7	5810.646198809504
582	512642.4772835729	2	5826.469173812984
583	88576.4309539197	8	5849.162602857765
584	385476.494172509	6	5844.765919430095
585	237391.00768082528	4	5862.543552694375
586	1001971.6872801521	9	5849.784114856137
587	917380.0266305257	5	5877.474381287647
588	81323.56732752982	7	5874.173735225579
589	747619.4940100204	2	5893.506902825749
590	448198.32669590827	2	5880.149559184286
591	960835.3696885424	2	5911.6051367454875
592	717222.6931305192	7	5912.494480064569
593	458092.73726364336	6	5939.986103990191
594	994434.673668779	4	5943.579946698223
595	681900.2143821545	1	5966.888073154924
596	811704.6023465774	2	5947.204154302543
597	482836.2364840953	3	5968.701234389255
598	38404.857545477345	9	5968.738857863884
599	183512.53370481325	7	5985.026844168534
600	978436.840934402	7	5999.819185849778
601	299794.75886820257	6	6001.0843650440975
602	878978.1518286223	2	6022.75211530321
603	72696.18621353652	4	6016.93435045604
604	470239.4182789249	0	6050.187583845297
605	570997.2602126275	5	6061.172104895919
606	497917.22859529656	5	6061.248954757883
607	811188.5998429414	9	6081.254171744157
608	606323.5967812598	3	6074.179287327098
609	79450.49023128547	8	6066.509686792067
610	565574.858719497	9	6094.703267656946
611	226728.14079464265	4	6114.821768370205
612	142132.02815746918	1	6131.754498977431
613	636150.5873113344	1	6122.643781924039
614	521296.45462794544	5	6129.610500666678
615	499395.39837262593	8	6145.499518898437
616	20295.81868954359	1	6153.777645873608
617	337997.7986863785	4	6167.625143207147
618	653735.8058719476	7	6163.865875602861
619	74058.92311243765	3	6197.290482094431
620	721256.0960083775	9	6197.468174751929
621	454286.32364072505	7	6199.6425342510865
622	557568.7193172519	7	6212.395763336784
623	434371.6120141747	5	6219.612839189072
624	842339.9531571056	9	6236.8459402999115
625	253915.87151174337	6	6252.8299790538185
626	190753.17673859833	6	6266.374316152335
627	886374.3825272897	1	6253.586205716349
628	778834.1998737804	2	6294.801682557659
629	692605.9454854565	9	6304.378315558798
630	171934.786559861	7	6299.439768145362
631	420170.3637190554	1	6314.901385764212
632	568342.5280974009	0	6331.271993167436
633	642548.7205160832	8	6327.9115059100795
634	77652.27887813143	3	6350.4903802460785
635	416743.644072652	9	6345.190521933182
636	897725.2083081284	1	6340.93723677261
637	786144.6126259132	4	6363.564995194049
638	354891.5555082409	5	6378.819509971482
639	501529.3813964762	6	6391.864464251396
640	616357.5057022788	1	6397.716145270431
641	152441.824031449	4	6400.642379445906
642	52182.63001851775	6	6412.694747641849
643	617602.450783637	6	6453.402687729599
644	716540.4913619015	3	6446.282943720747
645	239683.29121474156	3	6449.904495603195
646	976020.5422626972	9	6458.3300596185645
647	113786.18537551074	1	6480.672946732165
648	271954.81970443093	7	6493.498610957641
649	98922.14088600551	9	6467.46666080905
650	251399.41404191544	9	6512.148647260056
651	196009.64503123637	2	6513.193707152335
652	368681.9834567736	8	6528.344956973894
653	625400.0519397163	2	6530.752636964997
654	314863.6504264034	3	6542.399518877536
655	166590.93629571094	8	6540.416268319861
656	771114.998740264	1	6555.424041699984
657	807650.2539013786	4	6565.26663825058
658	713192.5417685411	9	6572.745272428647
659	58425.757015035946	5	6600.866618536755
660	96460.0239086554	7	6604.512717189948
661	572599.072370504	4	6614.620112969076
662	425135.33907616214	4	6616.966011385144
663	880217.8416970703	4	6628.104920883695
664	563057.2166588217	3	6629.084288612295
665	638162.6917353233	9	6641.787432726306
666	391692.7973579237	0	6657.230887117125
667	583323.9858286957	6	6664.650968899001
668	578596.5600581657	1	6672.880528220523
669	568251.9688509952	0	6698.810664168734
670	956703.7542087381	2	6715.058928260247
671	569168.1072865708	0	6720.16141742157
672	93256.79481807128	1	6730.7074201523665
673	138366.77373723334	6	6730.210078665896
674	464094.4456038181	7	6758.104556876572
675	648578.35396735	4	6755.736425441064
676	338966.1963507296	8	6746.6216344808545
677	131633.5910942288	6	6768.711391696721
678	853442.0308028274	9	6769.867808712794
679	1001352.8723875085	7	6784.803198283209
680	815845.1800805957	6	6806.444771565486
681	967089.8705766381	4	6814.666088693972
682	363308.33743402007	8	6798.135596992633
683	155500.1659661024	7	6815.795670959226
684	641551.4501965501	0	6844.1391017439455
685	956147.3646900075	1	6851.014907404721
686	546968.5943465917	7	6859.972976614048
687	751079.116774108	8	6859.430364700545
688	970390.5982195335	6	6855.748767978844
689	643672.7007009756	6	6879.4243780765055
690	48656.43455861612	2	6888.007871131621
691	892853.0616760997	0	6905.333123675376
692	656865.0595982813	3	6915.603735913955
693	929704.6406685548	7	6918.878107902655
694	686360.8821083457	8	6934.983065208639
695	377476.3499387037	3	6958.840635555318
696	937069.6678892459	7	6975.726419527808
697	999415.6097355334	1	6983.4060920970405
698	15043.573143009555	2	6978.4949821676555
699	156549.25898011067	2	6989.1396745617
700	789089.7980792827	4	7003.691391510421
701	852299.9979524486	3	7016.195844219982
702	235956.55490632943	3	7017.1240458625325
703	778098.9489511667	2	7025.5730980435665
704	834188.3475182463	2	7046.433725849254
705	794462.7114929686	4	7037.562450101424
706	212096.64917487593	6	7065.847885879177
707	763452.217268087	0	7078.930543028787
708	594105.0998665836	1	7081.834721897064
709	775173.3132372714	5	7088.528804134375
710	535453.151301566	9	7087.340915571833
711	417982.63620272995	4	7101.613229047214
712	296210.49411206547	6	7122.147314524205
713	575183.212604182	5	7149.848946906388
714	188014.2335675317	7	7151.179315524471
715	546681.1684938704	4	7150.190669195381
716	545077.5833401183	8	7141.90118417416
717	758629.174714268	0	7182.958605243402
718	835430.6700184706	4	7212.05557378618
719	475617.2693146814	0	7195.721675120057
720	43323.76648175341	6	7217.211715230288
721	683614.2018905325	7	7199.3441980143425
722	932365.6068607204	0	7213.173077871005
723	89654.95691558457	4	7241.849507083071
724	970657.647063924	5	7220.450011713843
725	822913.3360090404	8	7249.521851106134
726	939489.4952595931	4	7240.199486221437
727	125479.16044305844	5	7255.066079493841
728	698299.0689739961	5	7296.028672966118
729	122228.13238606836	3	7299.726604082773
730	254275.33775248466	1	7298.241140783925
731	839335.3839071905	3	7293.408748346607
732	321288.25138744566	8	7339.7621799746785
733	144868.67767257275	5	7314.4467235274105
734	880698.0342412696	9	7357.941909856626
735	286135.78363680496	7	7346.585025594398
736	480348.64891040395	9	7350.812525484183
737	358162.4959755493	4	7368.257013670499
738	815605.9661969213	5	7378.327651314342
739	963576.1588857963	9	7383.810983927952
740	279075.3087002231	4	7397.098548739909
741	906359.4593641441	2	7401.330862502867
742	118161.64324365492	7	7408.286796928839
743	1012388.7896946949	7	7409.477175943781
744	977734.5363590029	4	7438.1540817662935
745	895643.1760612088	7	7456.625655784626
746	120914.87672519317	1	7456.634647626668
747	711741.3802714774	8	7490.2452509534405
748	538798.1631490592	2	7464.574287238313
749	349930.66639440326	3	7485.090207542301
750	411757.11134218524	0	7506.208752955845
751	315455.59008875367	8	7511.107007345663
752	547627.7762170404	9	7507.811415029185
753	519086.6767945582	9	7541.611968146093
754	885890.9377720782	8	7544.599298118468
755	741973.6530921618	5	7537.9890252546
756	146891.19809931467	1	7574.258507153668
757	994971.0344756013	1	7568.716527476913
758	842889.181640256	1	7578.399752377878
759	711714.6212372471	6	7615.204195897338
760	533358.7689898111	3	7592.4659392662215
761	527277.417442919	7	7608.41055903526
762	378417.02320016356	0	7622.7240104232205
763	532575.0939827322	5	7626.444200049264
764	448890.54758428107	3	7664.308273548936
765	894267.3368305633	3	7639.0774904218415
766	406346.3521275595	6	7650.743152337992
767	840334.1926772469	0	7666.459627721485
768	741740.3739287639	2	7684.868735395927
769	170864.67912772988	3	7682.075099336519
770	949261.5744608479	2	7690.704850256479
771	95521.18274789874	6	7705.581785762455
772	17539.804438700514	6	7715.28518853276
773	870960.7837136966	6	7732.442486143526
774	615419.3111778287	3	7745.51809014039
775	212104.5358910665	9	7759.096498802772
776	92659.03197047392	6	7763.883888389549
777	564659.5749946422	7	7764.553002015794
778	706912.6514829361	5	7757.566757920205
779	898552.8219198092	9	7795.915224727556
780	938155.6486802252	9	7784.679861346478
781	798792.8773473649	8	7816.181751421084
782	395663.22864770994	2	7827.3873079393425
783	676585.6310256727	2	7836.069847437094
784	553702.8846802558	0	7837.030622873491
785	410358.9867537798	3	7842.423937060169
786	289794.8188069289	9	7858.265237859073
787	807534.4036059533	8	7859.532337266006
788	836698.9883660921	2	7873.3520418814505
789	636832.5021140504	2	7896.518679673631
790	115012.09426673851	5	7918.798493621632
791	497348.5106466722	8	7895.3910188206555
792	438680.24961392366	6	7907.704314382562
793	337073.3375670313	0	7909.938064347626
794	907966.3427840922	5	7921.403651747529
795	579106.2087110796	0	7955.426644809673
796	367724.56317983934	0	7983.353493012674
797	115602.19749862213	8	7970.556015312593
798	104944.49074302695	6	8002.416161968933
799	480506.38192575274	1	8002.311439436437
800	667314.6447507481	0	7991.532115396038
801	834655.7148024293	2	8002.791058588731
802	325420.2579545562	5	8016.7503891547
803	670236.4085794732	7	8018.6818699787955
804	395416.9217067215	1	8033.429799550969
805	866188.33914317	8	8040.1193492511175
806	617582.9336900561	8	8061.174256926737
807	308895.75217936636	7	8075.852098023579
808	692182.2134743436	9	8085.179545640592
809	209404.86676789317	6	8082.748453517628
810	273330.25342878216	9	8109.029795843066
811	351721.207019776	8	8115.338079799529
812	223366.7169142602	1	8126.544331558409
813	326930.6573171192	8	8120.070506647622
814	835179.7746119265	7	8141.776088831007
815	225539.9192055669	6	8157.07777033249
816	877432.2395772166	2	8154.618580565504
817	465980.31946785015	4	8172.85287009086
818	709337.0978388637	4	8179.140803224433
819	937993.2867924985	4	8209.318539962442
820	162953.9252685541	9	8190.490024749899
821	968550.2359147175	1	8206.01803157791
822	335170.79693079944	3	8237.539078280673
823	79835.53760055752	8	8238.022358776232
824	256964.88768135087	1	8238.14935455038
825	456580.6216641748	6	8247.723254322342
826	483895.73128342076	0	8252.980689663731
827	962532.5378790012	2	8288.974205495315
828	130926.76705997132	7	8285.912985819617
829	289013.7429438682	5	8281.533564026378
830	67104.87807356352	0	8279.83906937414
831	464876.2241944322	2	8312.055849737497
832	393218.78391886957	0	8318.41846112263
833	551986.8380647452	0	8321.79371380025
834	816394.4754749176	0	8331.548660571767
835	744105.3909600764	8	8363.406586232548
836	12270.399735250592	1	8354.537140048677
837	110347.03099534378	5	8384.75957792217
838	789786.3366321325	1	8374.941920763556
839	107927.15743137819	5	8387.610598705302
840	676463.7183225246	2	8401.67771389573
841	198272.78657684772	1	8426.537503816675
842	215781.8193758629	2	8435.778286481178
843	666272.5098953638	5	8426.069052767183
844	862081.812150355	4	8431.908483915438
845	374974.13260466274	6	8446.62394130004
846	428662.1622102011	6	8458.4801475664
847	467510.8883831846	2	8471.51072498166
848	177462.08021374032	5	8475.24033328201
849	386000.395233361	7	8474.761239787998
850	205742.4762626236	9	8501.081227553897
851	672287.895273576	7	8497.174948577876
852	603485.5697092653	7	8518.346390449027
853	487714.9197313685	6	8535.888362975405
854	292960.80113614467	2	8532.009392820159
855	400571.325387733	8	8546.673841409507
856	219722.09909803094	6	8563.364098617412
857	626521.5108148379	9	8575.184868655551
858	279788.41709405923	0	8576.777068679306
859	321411.6508365487	3	8575.927997407867
860	904281.1081059435	5	8609.422596516377
861	62027.44074396342	0	8594.68754670676
862	1006068.7291173649	5	8607.227111098473
863	719741.318694447	5	8631.68074848566
864	978701.201816469	1	8638.984529104686
865	919286.2652339046	6	8651.363292172815
866	928483.3036944339	5	8654.075193844385
867	267376.9468462061	2	8672.79790000819
868	987130.3952381226	6	8668.181424789445
869	877439.9858033763	7	8698.21773966584
870	232294.40269936272	9	8712.24874393222
871	649649.1168496357	1	8719.898704055242
872	804813.5218741833	3	8716.051849917192
873	940912.0813603046	1	8740.518500487628
874	744375.9348801383	5	8737.90600372284
875	521528.39014320105	5	8753.88542512782
876	984438.4279746378	8	8768.099181560927
877	989037.5787066022	9	8775.782970961436
878	480910.62904448074	1	8785.612494929297
879	130415.19270522654	0	8780.543215442922
880	608251.6485445492	9	8811.884513577128
881	637074.0447609384	2	8821.270262042293
882	482716.4875384433	9	8802.361650671464
883	531141.7833334317	1	8825.485779450888
884	718632.3130165162	8	8848.129104680624
885	353770.40263062087	6	8864.47732747782
886	181227.42456550428	6	8867.549821395003
887	106995.71548034617	9	8864.818032316376
888	608109.4838525933	5	8867.770357685644
889	31867.831768124488	0	8884.015045388687
890	534749.2509302371	1	8899.962925068854
891	129203.92733349226	0	8912.386914012728
892	90756.00954826173	5	8925.070499033092
893	940766.0195661373	4	8928.508468011483
894	1002291.8813424689	8	8930.996635260064
895	730229.1504428639	8	8955.335212201959
896	247038.96684439163	2	8971.318987880926
897	190337.5047601042	9	8967.967421656289
898	891672.8585813203	3	8969.01975545446
899	250539.01803064492	7	8993.933539667354
900	719089.8463540516	1	8998.142006100295
901	759269.8270015586	5	9016.109879392016
902	129708.31648729317	7	9031.570785862586
903	866707.2676221143	3	9025.440371013774
904	519979.9874676544	5	9041.258844795035
905	599954.6265927105	5	9054.927661124279
906	61892.74848759766	1	9062.863433179793
907	377388.69032167265	3	9064.467913300427
908	111215.0469683948	3	9074.801680567001
909	522715.8926209119	3	9103.141028636646
910	960568.0567858813	5	9114.744034504845
911	447316.6537179892	3	9086.478850747102
912	926348.7123150203	4	9129.411216739842
913	267846.65872527746	3	9139.034367999355
914	394358.39955830656	9	9143.879887786663
915	87158.87589427295	1	9156.808237227911
916	300719.24858777144	3	9155.827763261947
917	65511.632514883844	7	9170.247271276668
918	842137.7437420235	6	9164.952831363176
919	521524.6760183232	3	9183.577762285426
920	674976.635879362	6	9197.48358729926
921	876044.6210479519	3	9206.961575117632
922	33247.44470485232	8	9234.418074422072
923	739836.2315681938	2	9223.850025331181
924	162613.04415998794	5	9254.104400239352
925	664808.0362429362	8	9251.873350241354
926	157768.42492462	7	9256.228450536126
927	444210.36921219056	8	9258.248199797388
928	772691.912820373	5	9288.486593715863
929	901264.7761485097	1	9297.56580994327
930	162126.6632468971	7	9295.786125254655
931	711395.3843950144	5	9299.451882450274
932	279724.0558848918	2	9306.680204009223
933	646269.5312317031	4	9314.375189724298
934	314681.87061605527	2	9338.561391330684
935	888666.2321357586	7	9357.06359180105
936	73386.9984047594	0	9354.937530724066
937	711714.9148869431	8	9377.335529671038
938	681875.0970665214	0	9390.414420990619
939	65191.699742670724	2	9399.133490855633
940	608924.4809822713	0	9396.984228751699
941	252656.98814430024	0	9404.544421049093
942	141264.88533756585	2	9402.815336877433
943	35314.41589043418	4	9444.245201578959
944	219680.29410593145	1	9422.23748874379
945	639761.4926736357	9	9464.595767083305
946	513549.8066838054	9	9454.393837301432
947	515255.30099374574	2	9465.417226122865
948	682828.0603619132	3	9472.79002091434
949	670177.0922341365	2	9485.835663798649
950	972217.5596382251	9	9485.159470294493
951	927576.8579243345	1	9499.265968586707
952	103336.54137342224	7	9521.684505509182
953	365967.50771001773	0	9521.70426778847
954	950875.076285534	8	9528.145496289155
955	755392.6333119652	9	9534.204421195234
956	938327.8983941231	4	9546.720593670294
957	730202.2404521614	7	9572.41038000248
958	477361.38914606936	0	9587.989971010542
959	631644.5440504083	7	9582.033601336365
960	413825.35822460236	9	9588.144686367037
961	340122.17168617895	0	9610.434853350404
962	267466.978858648	8	9616.793367275157
963	527859.009160259	9	9624.741872913717
964	242682.69660525603	7	9628.70705587642
965	461157.0586665385	3	9644.334332186094
966	258837.08159169488	5	9659.109229765432
967	651860.9837102116	6	9680.03147066689
968	875123.8504416194	2	9702.198765425803
969	861958.1692443438	3	9672.003581334971
970	528481.4534059403	8	9695.50576226807
971	279781.66726972075	7	9704.643035265459
972	455559.0971127059	1	9708.265744506782
973	212424.38489749777	6	9727.635525776042
974	612814.4955404699	3	9726.33375973239
975	246440.48019949728	7	9760.218707226064
976	187836.48085580784	6	9769.956643916885
977	913071.3472641747	8	9766.901957225122
978	211810.53286327855	4	9793.456928201904
979	834462.5815888622	4	9799.122460695913
980	596083.562135082	2	9804.458685707423
981	914241.1043920094	5	9813.32070869936
982	319993.1063988242	2	9822.466495711438
983	278274.8252711546	3	9832.730218375147
984	560835.7953950544	0	9832.044516079317
985	25787.814883375468	2	9844.975115951567
986	632731.6416293386	4	9863.61241581958
987	371014.4999718334	9	9868.1819871535
988	537840.3341091098	8	9865.737633993733
989	615417.7814037822	1	9887.192706400527
990	722752.1829994282	6	9879.34945461708
991	694640.8113229303	4	9914.250380824918
992	611651.7812112886	3	9913.981460480469
993	316851.97978831315	3	9904.20777712827
994	39041.22336595869	6	9929.030336068417
995	353219.83536075026	7	9960.943123559584
996	921595.5413052464	2	9964.344279234292
997	772834.3612287128	0	9965.38466660247
998	605380.7592604655	1	9999.333631066453
999	535360.087967802	2	10015.20020013926
